kinematics:
  shoulder:
    x: 0
    y: 0
    z: 0.1624355792132912
    roll: -0
    pitch: 0
    yaw: 1.082851031064536e-08
  upper_arm:
    x: 5.203099367647409e-05
    y: 0
    z: 0
    roll: 1.569715426466377
    pitch: 0
    yaw: 3.982457047977654e-07
  forearm:
    x: -0.4252343155997563
    y: 0
    z: 0
    roll: 3.140479361329682
    pitch: 3.13986697945901
    yaw: 3.141587368294841
  wrist_1:
    x: -0.392449986279765
    y: 0.0005430245527266887
    z: 0.1331034664597331
    roll: 3.137512958639072
    pitch: -3.138771480810407
    yaw: 3.141591359625614
  wrist_2:
    x: 8.616410064405506e-05
    y: -0.09960183447897035
    z: 3.035605053498627e-05
    roll: 1.570491552793957
    pitch: 0
    yaw: 6.670087748968102e-07
  wrist_3:
    x: 0.0001496716074784155
    y: 0.09957003423883874
    z: 0.0001400304646915981
    roll: 1.572202677344473
    pitch: 3.141592653589793
    yaw: -3.141592467836397
  hash: calib_18317959249104096568